15
1 7 10.281818179481407
2 7 10.281818179481407
2 1 14.399999996727274
4 1 14.399999996727274
2 4 28.79999999345455
5 2 28.79999999345455
1 2 10.009090906816118
4 1 10.285714283376624
13 1 10.285714283376624
3 4 9.772727270506198
6 4 9.772727270506198
6 3 9.090909088842976
7 3 9.090909088842976
7 6 6.863636362076446
8 6 6.863636362076446
8 7 10.285714283376624
9 7 10.285714283376624
9 8 10.285714283376624
10 8 10.285714283376624
9 10 5.844155842827627
11 9 5.844155842827627
10 9 10.840909088445247
12 9 10.840909088445247
11 10 6.818181816632231
4 10 6.818181816632231
11 4 14.399999996727274
12 11 13.636363633264462
13 11 13.636363633264462
13 12 71.99999998363637
14 12 71.99999998363637
5 13 17.999999995909093
14 13 17.999999995909093
14 5 17.999999995909093
15 5 17.999999995909093
4 14 10.285714283376624
6 14 10.285714283376624
11 4 14.399999996727274
